2.0
4.8
4.17
3.71
3.56
3.3
3.25
3.08
2.93
3.07
2.94
3.37
3.68
3.71
3.65
3.54
3.44
3.35
3.33
3.25
3.17
3.1
3.4
3.34
3.28
3.32
3.42
3.41
3.4
3.34
3.29
3.27
3.23
3.31
3.26
3.21
3.33
3.39
3.35
3.3
3.29
3.25
3.21
3.18
3.24
3.27
3.24
3.32
3.28
3.28
3.24
3.24
3.23
3.28
3.25
3.22
3.21
3.24
3.35
3.32
3.31
3.3
3.3
3.32
3.33
3.37
3.45
3.55
3.57
3.58
3.62
3.59
3.57
3.57
3.6
3.59
3.57
3.54
3.54
3.52
3.49
3.47
3.46
3.44
3.41
3.39
3.39
3.45
3.45
3.42
3.41
3.44
3.49
3.46
3.46
3.44
3.47
3.5
3.5
3.51
3.53
3.54
3.54
3.55
3.56
3.54
3.51
3.51
3.56
3.54
3.52
3.54
3.52
3.56
3.56
3.66
3.66
3.64
3.65
3.63
3.62
3.61
3.6
3.59
3.57
3.55
3.55
3.54
3.57
3.59
3.59
3.62
3.61
3.6
3.58
3.58
3.56
3.56
3.58
3.62
3.65
3.63
3.63
3.65
3.66
3.65
3.63
3.65
3.66
3.67
3.69
3.67
3.67
3.65
3.66
3.64
3.63
3.65
3.63
3.62
3.63
3.61
3.6
3.61
3.6
3.59
3.73
3.73
3.71
3.81
3.8
3.8
3.79
3.81
3.79
3.78
3.77
3.75
3.77
3.77
3.76
3.75
3.73
3.73
3.71
3.71
3.7
3.66
3.68
3.71
3.71
3.71
3.69
3.68
3.67
3.66
3.66
3.67
3.74
3.73
3.72
3.72
3.73
3.73
3.72
3.81
3.81
3.85
3.85
3.84
3.78
3.77
3.76
3.75
3.75
3.78
3.79
3.81
3.77
3.76
3.77
3.77
3.78
3.79
3.79
3.8
3.81
3.81
3.82
3.79
3.8
3.8
3.9
3.91
3.94
3.94
3.94
3.94
3.94
3.92
3.92
3.91
3.9
3.89
3.97
3.96
3.96
3.94
3.96
3.94
3.94
3.86
3.85
3.83
3.83
3.85
3.86
3.86
3.87
3.87
3.86
3.88
3.89
3.88
3.91
3.92
3.91
3.92
3.92
3.91
3.91
3.9
3.9
3.92
3.91
3.9
3.93
3.95
3.94
3.93
3.92
3.93
3.93
3.92
3.91
3.92
3.91
3.9
3.9
3.93
3.94
3.91
3.91
3.9
3.89
3.87
3.88
3.87
3.86
3.85
3.86
3.87
3.85
3.84
3.86
3.85
3.83
3.82
3.83
3.82
3.79
3.79
3.87
3.9
3.92
3.91
3.93
3.92
3.92
3.91
3.92
3.88
3.87
3.85
3.88
3.87
3.87
3.89
3.88
3.86
3.86
3.83
3.83
3.82
3.81
3.84
3.83
3.84
3.83
3.79
3.8
3.8
3.79
3.8
3.8
3.79
3.8
3.8
3.79
3.78
3.8
3.82
3.8
3.79
3.8
3.79
3.8
3.8
3.81
3.82
3.81
3.8
3.79
3.79
3.79
3.79
3.8
3.79
3.7
3.62
3.61
3.6
3.6
3.59
3.61
3.6
3.63
3.62
3.65
3.65
3.64
3.66
3.65
3.64
3.65
3.69
3.68
3.69
3.68
3.67
3.68
3.71
3.72
3.72
3.72
3.74
3.73
3.72
3.71
3.7
3.61
3.63
3.62
3.61
3.61
3.6
3.6
3.61
3.58
3.56
3.55
3.57
3.6
3.61
3.6
3.6
3.61
3.6
3.6
3.65
3.64
3.53
3.52
3.52
3.51
3.48
3.47
3.46
3.48
3.48
3.52
3.52
3.51
3.5
3.49
3.41
3.43
3.46
3.46
3.47
3.45
3.46
3.45
3.49
3.49
3.51
3.48
3.48
3.47
3.43
3.4
3.4
3.39
3.4
3.4
3.41
3.43
3.42
3.46
3.45
3.45
3.47
3.5
3.5
3.49
3.51
3.64
3.69
3.87
3.92
3.93
3.93
3.93
3.98
3.98
3.99
4.0
4.01
4.01
4.0
3.99
4.0
3.99
3.98
3.99
3.98
3.97
3.98
3.98
3.97
3.97
3.88
4.0
4.01
4.04
4.03
4.03
4.02
4.02
4.03
4.03
4.03
4.07
4.06
4.07
4.06
4.07
4.06
4.07
4.08
4.06
4.05
4.06
4.04
4.04
4.03
4.04
4.04
4.04
4.07
4.07
4.05
4.08
4.06
4.11
4.1
4.09
4.11
4.1
4.09
4.1
4.26
4.27
4.29
4.3
4.29
4.28
4.27
4.27
4.35
4.34
4.35
4.35
4.35
4.35
4.37
4.35
4.32
4.33
4.34
4.32
4.31
4.31
4.33
4.31
4.33
4.32
4.32
4.38
4.39
4.39
4.41
4.41
4.39
4.4
4.4
4.35
4.36
4.35
4.34
4.35
4.33
4.4
4.4
4.41
4.39
4.39
4.4
4.39
4.41
4.42
4.39
4.39
4.38
4.41
4.45
4.44
4.44
4.42
4.41
